[[4.95139, -3.85027, 2.23842, 0.08609],
[4.84549, -3.98338, 2.23842, 0.07599],
[4.72603, -4.11532, 2.31924, 0.07674],
[4.5785, -4.25825, 2.5206, 0.0815],
[4.39154, -4.41716, 2.83598, 0.08652],
[4.16949, -4.58414, 3.29611, 0.08429],
[3.92617, -4.74934, 4.0, 0.07353],
[3.67262, -4.90937, 4.0, 0.07496],
[3.41523, -5.06558, 4.0, 0.07527],
[3.15743, -5.22123, 4.0, 0.07529],
[2.89946, -5.37661, 4.0, 0.07529],
[2.64133, -5.53172, 4.0, 0.07529],
[2.38303, -5.68655, 4.0, 0.07529],
[2.12454, -5.84107, 4.0, 0.07529],
[1.8659, -5.99533, 4.0, 0.07529],
[1.60712, -6.14935, 4.0, 0.07529],
[1.34825, -6.30322, 4.0, 0.07529],
[1.08932, -6.45699, 4.0, 0.07529],
[0.83043, -6.61083, 2.31341, 0.13018],
[0.57166, -6.76488, 1.83315, 0.16428],
[0.313, -6.91912, 1.70467, 0.17666],
[0.0545, -7.07362, 1.70467, 0.17666],
[-0.20382, -7.2284, 1.70467, 0.17666],
[-0.46325, -7.37949, 1.70467, 0.17611],
[-0.73201, -7.50122, 1.70467, 0.17308],
[-1.01051, -7.57702, 1.70467, 0.16931],
[-1.29419, -7.60103, 1.72201, 0.16533],
[-1.57785, -7.57484, 1.86417, 0.15281],
[-1.85761, -7.50533, 2.1345, 0.13505],
[-2.13169, -7.40197, 2.58841, 0.11317],
[-2.40025, -7.27505, 3.38623, 0.08772],
[-2.66483, -7.13419, 4.0, 0.07494],
[-2.92763, -6.98712, 4.0, 0.07529],
[-3.19065, -6.84046, 4.0, 0.07529],
[-3.45388, -6.69416, 4.0, 0.07529],
[-3.71733, -6.54826, 4.0, 0.07529],
[-3.98092, -6.40262, 4.0, 0.07529],
[-4.24461, -6.25717, 4.0, 0.07529],
[-4.50842, -6.11193, 4.0, 0.07529],
[-4.77237, -5.96694, 4.0, 0.07529],
[-5.03644, -5.82216, 4.0, 0.07529],
[-5.30054, -5.67745, 4.0, 0.07529],
[-5.56466, -5.53276, 1.76745, 0.17039],
[-5.82876, -5.38806, 1.41686, 0.21255],
[-6.09282, -5.24327, 1.33732, 0.22519],
[-6.35679, -5.09832, 1.33732, 0.22519],
[-6.62073, -4.9533, 1.33732, 0.22519],
[-6.87858, -4.80218, 1.33732, 0.22349],
[-7.09728, -4.61713, 1.33732, 0.21422],
[-7.25282, -4.39618, 1.33732, 0.20205],
[-7.33987, -4.15006, 1.38468, 0.18854],
[-7.36315, -3.88921, 1.51609, 0.17274],
[-7.32981, -3.62121, 1.76045, 0.15341],
[-7.25009, -3.35134, 2.1695, 0.12971],
[-7.13669, -3.0824, 2.98399, 0.09781],
[-7.00413, -2.81478, 2.21993, 0.13453],
[-6.86635, -2.547, 1.48516, 0.20277],
[-6.72905, -2.27897, 1.30226, 0.23125],
[-6.59202, -2.0108, 1.3, 0.23165],
[-6.45477, -1.74274, 1.3, 0.23165],
[-6.31724, -1.47483, 1.3, 0.23165],
[-6.21632, -1.21118, 1.3, 0.21716],
[-6.1803, -0.95738, 1.3, 0.19719],
[-6.2113, -0.71831, 1.3, 0.18544],
[-6.30259, -0.49669, 1.39922, 0.1713],
[-6.44727, -0.29414, 1.60097, 0.15548],
[-6.63752, -0.11091, 1.93116, 0.13678],
[-6.86355, 0.05477, 2.4441, 0.11466],
[-7.11434, 0.20662, 2.09909, 0.13967],
[-7.37872, 0.35081, 1.79652, 0.16763],
[-7.64158, 0.49775, 1.65555, 0.1819],
[-7.90154, 0.64977, 1.61573, 0.18638],
[-8.15703, 0.80916, 1.61573, 0.18638],
[-8.40078, 0.98564, 1.61573, 0.18625],
[-8.61979, 1.19044, 1.61573, 0.18558],
[-8.7994, 1.42721, 1.61573, 0.18393],
[-8.92742, 1.69172, 1.61573, 0.18188],
[-8.99805, 1.97476, 1.65554, 0.1762],
[-9.01232, 2.26612, 1.76754, 0.16504],
[-8.97626, 2.55742, 1.9487, 0.15063],
[-8.89846, 2.84318, 2.22416, 0.13316],
[-8.78875, 3.12093, 2.63782, 0.11321],
[-8.65672, 3.39067, 2.27414, 0.13206],
[-8.51113, 3.65421, 1.56646, 0.1922],
[-8.35993, 3.91464, 1.38269, 0.21779],
[-8.20522, 4.173, 1.36951, 0.21989],
[-8.04808, 4.4299, 1.36951, 0.21989],
[-7.88927, 4.68577, 1.36951, 0.2199],
[-7.71141, 4.91476, 1.36951, 0.21172],
[-7.50309, 5.09014, 1.36951, 0.19884],
[-7.26833, 5.20169, 1.36951, 0.18979],
[-7.01512, 5.25029, 1.46985, 0.17541],
[-6.75082, 5.24165, 1.66283, 0.15903],
[-6.48119, 5.18355, 1.98334, 0.13907],
[-6.21046, 5.08665, 2.44876, 0.11743],
[-5.94119, 4.96212, 3.3892, 0.08753],
[-5.67434, 4.82289, 4.0, 0.07524],
[-5.4083, 4.68178, 4.0, 0.07529],
[-5.14257, 4.54009, 4.0, 0.07529],
[-4.87651, 4.39902, 4.0, 0.07529],
[-4.61021, 4.25839, 4.0, 0.07529],
[-4.34377, 4.11804, 4.0, 0.07529],
[-4.07726, 3.97781, 4.0, 0.07529],
[-3.81094, 3.83723, 4.0, 0.07529],
[-3.54481, 3.69628, 4.0, 0.07529],
[-3.27891, 3.55491, 4.0, 0.07529],
[-3.01322, 3.41314, 4.0, 0.07529],
[-2.7477, 3.27105, 4.0, 0.07529],
[-2.482, 3.12928, 4.0, 0.07529],
[-2.21587, 2.98834, 4.0, 0.07529],
[-1.94902, 2.84877, 4.0, 0.07529],
[-1.68131, 2.71088, 4.0, 0.07529],
[-1.41265, 2.57483, 4.0, 0.07528],
[-1.14307, 2.44064, 4.0, 0.07528],
[-0.8726, 2.30825, 4.0, 0.07528],
[-0.60126, 2.17768, 2.22477, 0.13535],
[-0.33127, 2.04438, 1.71177, 0.1759],
[-0.06283, 1.90805, 1.54983, 0.19427],
[0.20411, 1.76877, 1.52433, 0.19752],
[0.4697, 1.62689, 1.52433, 0.19754],
[0.7371, 1.48885, 1.52433, 0.19742],
[1.0151, 1.38246, 1.52433, 0.19527],
[1.30077, 1.33016, 1.52433, 0.19053],
[1.58434, 1.34115, 1.52433, 0.18616],
[1.85612, 1.41414, 1.58476, 0.17757],
[2.10912, 1.54241, 1.69884, 0.16697],
[2.33883, 1.71759, 1.85674, 0.15558],
[2.54277, 1.93056, 2.01876, 0.14607],
[2.71922, 2.17267, 2.16375, 0.13846],
[2.8664, 2.43447, 2.3357, 0.12858],
[2.98576, 2.70807, 2.50147, 0.11933],
[3.08061, 2.99059, 2.71093, 0.10993],
[3.1543, 3.27999, 2.98019, 0.10021],
[3.21018, 3.57449, 3.01216, 0.09951],
[3.25157, 3.87226, 3.01216, 0.09981],
[3.28196, 4.1718, 3.01216, 0.09995],
[3.30495, 4.47207, 1.86784, 0.16123],
[3.31372, 4.77252, 1.63371, 0.18399],
[3.30428, 5.07189, 1.63371, 0.18333],
[3.28168, 5.37003, 1.63371, 0.18302],
[3.25205, 5.66744, 1.63371, 0.18294],
[3.23312, 5.9437, 1.63371, 0.1695],
[3.25278, 6.20804, 1.63371, 0.16225],
[3.31792, 6.45838, 1.64998, 0.15678],
[3.42625, 6.69483, 1.7314, 0.15021],
[3.57545, 6.91701, 1.8071, 0.1481],
[3.7656, 7.12298, 1.81975, 0.15404],
[3.99838, 7.30678, 1.81975, 0.16299],
[4.25777, 7.44979, 1.83268, 0.16162],
[4.53185, 7.54775, 1.88948, 0.15405],
[4.816, 7.60354, 2.0112, 0.14398],
[5.1066, 7.6216, 2.19164, 0.13285],
[5.40075, 7.60691, 2.42435, 0.12148],
[5.69592, 7.56457, 2.73411, 0.10906],
[5.98954, 7.50014, 3.15825, 0.09518],
[6.27967, 7.41942, 3.66156, 0.08225],
[6.56621, 7.32682, 3.7845, 0.07957],
[6.84895, 7.22324, 2.54021, 0.11854],
[7.12785, 7.10978, 1.899, 0.15856],
[7.40302, 6.98755, 1.63597, 0.18405],
[7.67461, 6.85754, 1.53257, 0.19647],
[7.94285, 6.72071, 1.52843, 0.19701],
[8.20631, 6.57657, 1.52843, 0.19649],
[8.45091, 6.41453, 1.52843, 0.19196],
[8.66191, 6.22492, 1.52843, 0.1856],
[8.82898, 6.00333, 1.52843, 0.18156],
[8.94425, 5.75126, 1.52843, 0.18135],
[9.00259, 5.47657, 1.60234, 0.17526],
[9.00447, 5.19131, 1.75797, 0.16227],
[8.95712, 4.90563, 2.00863, 0.14417],
[8.87107, 4.62457, 2.43096, 0.12091],
[8.75817, 4.34913, 2.73851, 0.1087],
[8.62958, 4.07793, 2.73851, 0.1096],
[8.49513, 3.80846, 2.73851, 0.10997],
[8.36592, 3.53717, 2.73851, 0.10973],
[8.25273, 3.26123, 2.73851, 0.10891],
[8.16057, 2.97984, 2.8515, 0.10384],
[8.0876, 2.69378, 2.90362, 0.10167],
[8.02713, 2.40477, 2.90362, 0.10169],
[7.97238, 2.11445, 2.90362, 0.10175],
[7.91613, 1.82578, 2.90362, 0.10129],
[7.84554, 1.54079, 2.90362, 0.10112],
[7.75678, 1.2606, 2.96962, 0.09897],
[7.65056, 0.98517, 3.26577, 0.09039],
[7.52971, 0.71387, 3.78054, 0.07856],
[7.3978, 0.4458, 4.0, 0.07469],
[7.25846, 0.17998, 4.0, 0.07503],
[7.11491, -0.08448, 4.0, 0.07523],
[6.96961, -0.34826, 4.0, 0.07529],
[6.82389, -0.61181, 4.0, 0.07529],
[6.67775, -0.87512, 4.0, 0.07529],
[6.53117, -1.13819, 4.0, 0.07529],
[6.38414, -1.40101, 4.0, 0.07529],
[6.23663, -1.66356, 4.0, 0.07529],
[6.08861, -1.92582, 4.0, 0.07529],
[5.94007, -2.18779, 4.0, 0.07529],
[5.79101, -2.44946, 2.8964, 0.10397],
[5.6414, -2.71082, 2.30358, 0.13073],
[5.49124, -2.97187, 2.23842, 0.13454],
[5.34051, -3.23258, 2.23842, 0.13454],
[5.19269, -3.48385, 2.23842, 0.13024],
[5.06167, -3.69225, 2.23842, 0.10997]]