[[6.97087, -1.91923, 4.0, 0.06072],
[6.95391, -2.15162, 4.0, 0.05825],
[6.93849, -2.37528, 3.83963, 0.05839],
[6.92454, -2.59318, 3.16288, 0.06904],
[6.9119, -2.81028, 2.74584, 0.0792],
[6.90037, -3.03491, 2.45685, 0.09155],
[6.8878, -3.33579, 2.24177, 0.13433],
[6.86664, -3.63504, 2.07212, 0.14478],
[6.82986, -3.92895, 1.9328, 0.15325],
[6.77171, -4.21214, 1.81478, 0.1593],
[6.6884, -4.47855, 1.71352, 0.1629],
[6.57832, -4.72251, 1.71352, 0.1562],
[6.44158, -4.93917, 1.71352, 0.14952],
[6.2794, -5.1244, 1.71352, 0.14367],
[6.09356, -5.27419, 1.71352, 0.1393],
[5.8861, -5.3839, 1.71352, 0.13696],
[5.65968, -5.44723, 1.90213, 0.12361],
[5.4214, -5.47057, 2.02765, 0.11808],
[5.17505, -5.45573, 2.17513, 0.11346],
[4.92382, -5.40425, 2.35772, 0.10877],
[4.6706, -5.31812, 2.59513, 0.10306],
[4.41806, -5.20046, 2.92181, 0.09536],
[4.16832, -5.05594, 3.41177, 0.08457],
[3.92269, -4.89092, 4.0, 0.07398],
[3.68122, -4.71287, 3.78482, 0.07927],
[3.44239, -4.52946, 2.97262, 0.1013],
[3.20465, -4.34462, 2.52522, 0.11925],
[2.9679, -4.15851, 2.23266, 0.13488],
[2.7322, -3.97107, 2.01749, 0.14926],
[2.50164, -3.77961, 1.85299, 0.16174],
[2.28642, -3.57981, 1.72016, 0.17072],
[2.09687, -3.37036, 1.61099, 0.17535],
[1.94115, -3.15245, 1.51693, 0.17656],
[1.82445, -2.92898, 1.51693, 0.1662],
[1.7496, -2.70368, 1.51693, 0.1565],
[1.71797, -2.48073, 1.51693, 0.14845],
[1.7306, -2.2647, 1.51693, 0.14265],
[1.78889, -2.06109, 1.51693, 0.13962],
[1.89525, -1.87749, 1.64222, 0.12921],
[2.04147, -1.71666, 1.63807, 0.13269],
[2.22675, -1.58423, 1.63807, 0.13903],
[2.45202, -1.48862, 1.63807, 0.14939],
[2.63465, -1.35861, 1.63807, 0.13686],
[2.77906, -1.2035, 1.63807, 0.12937],
[2.88754, -1.02797, 1.63807, 0.12597],
[2.95791, -0.83413, 1.67704, 0.12297],
[2.98948, -0.62512, 1.7189, 0.12297],
[2.97932, -0.40352, 1.57201, 0.14111],
[2.92192, -0.17233, 1.45287, 0.16396],
[2.80932, 0.06298, 1.3045, 0.19997],
[2.63621, 0.28801, 1.3045, 0.21764],
[2.52422, 0.51313, 1.3045, 0.19274],
[2.46874, 0.73396, 1.3045, 0.17454],
[2.46698, 0.946, 1.3045, 0.16256],
[2.5188, 1.14417, 1.3045, 0.15702],
[2.63292, 1.31812, 1.59729, 0.13025],
[2.79031, 1.46974, 1.50899, 0.14483],
[2.9717, 1.60743, 1.37207, 0.16598],
[3.15402, 1.76168, 1.37207, 0.17405],
[3.31218, 1.92771, 1.37207, 0.16712],
[3.43632, 2.10689, 1.37207, 0.15887],
[3.51856, 2.29753, 1.37207, 0.15132],
[3.55203, 2.49516, 1.37207, 0.14608],
[3.52924, 2.69184, 1.37471, 0.14403],
[3.45129, 2.8773, 1.45449, 0.13831],
[3.32357, 3.04282, 1.54607, 0.13523],
[3.15079, 3.18061, 1.65747, 0.13333],
[2.93834, 3.28348, 1.79348, 0.13161],
[2.69324, 3.34552, 1.96581, 0.12861],
[2.42453, 3.3637, 2.19975, 0.12243],
[2.14231, 3.3397, 2.54055, 0.11149],
[1.85531, 3.28034, 3.10026, 0.09453],
[1.56873, 3.19605, 4.0, 0.07468],
[1.2838, 3.09888, 4.0, 0.07526],
[0.99901, 3.00101, 4.0, 0.07529],
[0.71423, 2.90309, 4.0, 0.07529],
[0.42944, 2.8052, 4.0, 0.07529],
[0.14466, 2.70729, 4.0, 0.07529],
[-0.14004, 2.60917, 4.0, 0.07529],
[-0.42467, 2.5108, 4.0, 0.07529],
[-0.70921, 2.41219, 4.0, 0.07529],
[-0.99366, 2.31335, 4.0, 0.07529],
[-1.27804, 2.21425, 4.0, 0.07529],
[-1.56232, 2.11492, 3.36087, 0.0896],
[-1.84654, 2.01539, 2.63722, 0.11419],
[-2.13066, 1.91557, 2.24148, 0.13435],
[-2.41467, 1.81546, 1.98216, 0.15193],
[-2.69847, 1.71474, 1.79369, 0.16789],
[-2.97658, 1.60757, 1.64712, 0.18095],
[-3.23848, 1.48518, 1.53025, 0.18891],
[-3.47352, 1.34259, 1.43323, 0.19182],
[-3.67294, 1.17907, 1.34932, 0.19112],
[-3.83069, 0.99723, 1.34932, 0.17841],
[-3.94296, 0.80163, 1.34932, 0.16715],
[-4.00707, 0.59788, 1.34932, 0.1583],
[-4.02054, 0.39257, 1.34932, 0.15249],
[-3.98021, 0.19396, 1.34932, 0.1502],
[-3.88201, 0.01417, 1.53026, 0.13387],
[-3.74026, -0.14197, 1.6129, 0.13075],
[-3.55952, -0.26882, 1.70761, 0.12931],
[-3.3442, -0.36076, 1.82099, 0.12857],
[-3.09963, -0.41254, 1.66017, 0.15058],
[-2.83269, -0.42004, 1.51198, 0.17662],
[-2.55211, -0.3817, 1.39693, 0.20272],
[-2.28585, -0.30675, 1.3, 0.21277],
[-2.03398, -0.27628, 1.3, 0.19515],
[-1.80353, -0.29177, 1.3, 0.17767],
[-1.59988, -0.35074, 1.3, 0.16309],
[-1.42782, -0.44966, 1.3, 0.15267],
[-1.29305, -0.58537, 1.3, 0.14712],
[-1.20471, -0.75564, 1.30959, 0.14647],
[-1.1703, -0.95432, 1.81002, 0.1114],
[-1.16966, -1.16621, 2.29809, 0.0922],
[-1.19313, -1.38607, 2.69733, 0.08197],
[-1.19715, -1.66721, 2.79926, 0.10044],
[-1.18191, -1.94786, 2.44579, 0.11492],
[-1.15705, -2.22821, 2.19783, 0.12805],
[-1.1349, -2.50228, 2.00809, 0.13693],
[-1.12282, -2.77185, 1.8571, 0.1453],
[-1.12751, -3.03379, 1.7331, 0.15117],
[-1.1541, -3.28496, 1.7331, 0.14573],
[-1.20606, -3.5219, 1.69651, 0.14298],
[-1.28529, -3.74084, 1.64524, 0.14152],
[-1.39242, -3.93768, 1.59185, 0.14079],
[-1.52702, -4.10787, 1.54211, 0.1407],
[-1.68753, -4.24612, 1.54211, 0.13737],
[-1.86857, -4.35156, 1.54211, 0.13586],
[-2.06687, -4.42011, 1.54211, 0.13605],
[-2.27832, -4.4465, 1.54211, 0.13818],
[-2.49702, -4.42364, 1.54211, 0.14259],
[-2.71293, -4.34303, 1.79905, 0.12811],
[-2.91816, -4.21668, 2.35018, 0.10255],
[-3.1135, -4.06185, 2.87313, 0.08675],
[-3.3006, -3.88688, 4.0, 0.06404],
[-3.4829, -3.70118, 4.0, 0.06506],
[-3.6902, -3.49869, 4.0, 0.07245],
[-3.90194, -3.30141, 4.0, 0.07235],
[-4.11839, -3.10973, 4.0, 0.07228],
[-4.33984, -2.92405, 4.0, 0.07225],
[-4.56657, -2.74476, 3.86675, 0.07475],
[-4.79888, -2.5723, 3.32542, 0.08701],
[-5.03712, -2.40719, 2.96056, 0.09791],
[-5.28165, -2.24999, 2.69293, 0.10795],
[-5.53286, -2.10136, 2.4865, 0.11739],
[-5.77734, -1.96916, 2.21814, 0.1253],
[-6.01112, -1.82746, 2.21814, 0.12324],
[-6.23093, -1.67377, 2.21814, 0.12092],
[-6.43374, -1.50603, 2.21814, 0.11866],
[-6.6166, -1.32255, 2.21814, 0.11678],
[-6.77634, -1.12194, 2.21814, 0.11561],
[-6.90658, -0.90143, 2.27541, 0.11255],
[-7.00745, -0.66344, 2.33372, 0.11076],
[-7.0784, -0.41018, 2.39621, 0.10976],
[-7.11847, -0.14413, 2.46043, 0.10935],
[-7.1266, 0.13134, 2.52354, 0.10921],
[-7.1021, 0.41169, 2.59249, 0.10855],
[-7.04547, 0.69148, 2.65947, 0.10734],
[-6.95838, 0.96548, 2.72846, 0.10537],
[-6.84337, 1.22946, 2.80213, 0.10276],
[-6.70333, 1.48063, 2.88239, 0.09977],
[-6.54108, 1.71736, 2.96429, 0.09682],
[-6.35909, 1.93881, 3.05617, 0.09379],
[-6.15954, 2.14469, 3.16883, 0.09048],
[-5.94445, 2.33516, 3.30566, 0.08691],
[-5.71569, 2.51071, 3.47341, 0.08302],
[-5.47498, 2.6721, 3.68168, 0.07871],
[-5.22399, 2.82032, 3.93116, 0.07415],
[-4.96422, 2.95655, 4.0, 0.07333],
[-4.69709, 3.08206, 4.0, 0.07379],
[-4.42392, 3.19825, 4.0, 0.07421],
[-4.14595, 3.30659, 4.0, 0.07459],
[-3.86432, 3.40865, 4.0, 0.07489],
[-3.58014, 3.50608, 4.0, 0.07511],
[-3.29441, 3.6006, 4.0, 0.07524],
[-3.0081, 3.69393, 4.0, 0.07529],
[-2.72175, 3.78715, 4.0, 0.07529],
[-2.43535, 3.88024, 4.0, 0.07529],
[-2.14892, 3.97322, 4.0, 0.07529],
[-1.86245, 4.06606, 4.0, 0.07529],
[-1.57594, 4.15878, 4.0, 0.07529],
[-1.28939, 4.2514, 4.0, 0.07529],
[-1.00284, 4.34399, 4.0, 0.07529],
[-0.71621, 4.43634, 4.0, 0.07529],
[-0.42949, 4.52841, 4.0, 0.07529],
[-0.14268, 4.62021, 4.0, 0.07529],
[0.14421, 4.71175, 4.0, 0.07529],
[0.43115, 4.80313, 4.0, 0.07529],
[0.71818, 4.89425, 4.0, 0.07529],
[1.00529, 4.98511, 4.0, 0.07529],
[1.29252, 5.07412, 4.0, 0.07518],
[1.57979, 5.15929, 4.0, 0.07491],
[1.86691, 5.23866, 3.79133, 0.07857],
[2.15363, 5.31039, 3.59702, 0.08217],
[2.43962, 5.37271, 3.42713, 0.08541],
[2.72444, 5.42402, 3.27611, 0.08834],
[3.00762, 5.46284, 3.13713, 0.09111],
[3.28861, 5.48801, 3.01203, 0.09366],
[3.56682, 5.4984, 2.88935, 0.09635],
[3.84157, 5.493, 2.78041, 0.09884],
[4.11211, 5.47085, 2.67654, 0.10142],
[4.37763, 5.43105, 2.57817, 0.10413],
[4.63713, 5.3727, 2.57817, 0.10317],
[4.88953, 5.29487, 2.57817, 0.10245],
[5.13344, 5.19651, 2.57817, 0.10201],
[5.36722, 5.07656, 2.57817, 0.10192],
[5.58882, 4.9339, 2.57817, 0.10223],
[5.79556, 4.76734, 2.81585, 0.09428],
[5.98833, 4.5812, 2.90847, 0.09214],
[6.1667, 4.37697, 3.00583, 0.09021],
[6.3302, 4.15614, 3.11057, 0.08833],
[6.47831, 3.92046, 3.22149, 0.08641],
[6.61053, 3.67207, 3.33929, 0.08426],
[6.72656, 3.41335, 3.46782, 0.08177],
[6.82656, 3.14652, 3.60532, 0.07904],
[6.91106, 2.87335, 3.75398, 0.07617],
[6.98086, 2.59515, 3.91982, 0.07317],
[7.03689, 2.31283, 4.0, 0.07196],
[7.08018, 2.02707, 4.0, 0.07226],
[7.11174, 1.73838, 4.0, 0.0726],
[7.13262, 1.44721, 4.0, 0.07298],
[7.14387, 1.15392, 4.0, 0.07337],
[7.14657, 0.85888, 4.0, 0.07376],
[7.14184, 0.56241, 4.0, 0.07413],
[7.13084, 0.2649, 4.0, 0.07443],
[7.11477, -0.03303, 4.0, 0.07459],
[7.09499, -0.32984, 4.0, 0.07437],
[7.073, -0.62263, 4.0, 0.0734],
[7.05021, -0.90971, 4.0, 0.072],
[7.02923, -1.17059, 4.0, 0.06543],
[7.00893, -1.42635, 4.0, 0.06414],
[6.9893, -1.67706, 4.0, 0.06287]]